Song:
	samples=10577664
	channels=2
	BPM=127.5258
	points=20660
Idx                 Time                Start Sample        End Sample          delta               rawBPM              BPM                 
821                 9.531792            840704              841727              0                   0                   0                   
840                 9.752381            860160              861183              0.2205896           271.9983            135.9991            
900                 10.44898            921600              922623              0.6965981           86.13289            172.2658            
922                 10.7044             944128              945151              0.2554197           234.9075            117.4537            
979                 11.36617            1002496             1003519             0.6617689           90.66609            181.3322            
1002                11.6332             1026048             1027071             0.2670288           224.6949            112.3474            
1062                12.3298             1087488             1088511             0.696599            86.13277            172.2655            
1141                13.24698            1168384             1169407             0.9171886           65.4173             130.8346            
1163                13.5024             1190912             1191935             0.2554188           234.9083            117.4542            
1222                14.18739            1251328             1252351             0.684989            87.59265            175.1853            
1224                14.21061            1253376             1254399             0.02322006          2583.972            80.74914            
1244                14.44281            1273856             1274879             0.2321997           258.3983            129.1992            
1304                15.13941            1335296             1336319             0.6965981           86.13289            172.2658            
1325                15.38322            1356800             1357823             0.2438097           246.0936            123.0468            
1365                15.84762            1397760             1398783             0.4643993           129.1992            129.1992            
1377                15.98694            1410048             1411071             0.1393194           430.665             107.6663            
1395                16.19592            1428480             1429503             0.2089806           287.108             143.554             
1405                16.31202            1438720             1439743             0.1160984           516.803             129.2007            
1433                16.6371             1467392             1468415             0.3250809           184.5695            92.28473            
1464                16.99701            1499136             1500159             0.3599091           166.7088            83.35439            
1485                17.24082            1520640             1521663             0.2438087           246.0945            123.0473            
1545                17.93741            1582080             1583103             0.6965981           86.13289            172.2658            
1564                18.158              1601536             1602559             0.2205906           271.9971            135.9986            
1625                18.86621            1664000             1665023             0.7082081           84.72086            169.4417            
1633                18.95909            1672192             1673215             0.09288025          645.9931            80.74914            
1646                19.11002            1685504             1686527             0.1509304           397.5342            99.38355            
1681                19.51637            1721344             1722367             0.4063492           147.6563            147.6563            
1704                19.7834             1744896             1745919             0.2670288           224.6949            112.3474            
1709                19.84145            1750016             1751039             0.05805016          1033.589            129.1986            
1726                20.03882            1767424             1768447             0.1973686           303.9997            151.9998            
1759                20.42195            1801216             1802239             0.3831291           156.6052            156.6052            
1787                20.74703            1829888             1830911             0.3250809           184.5695            92.28473            
1795                20.83991            1838080             1839103             0.09287834          646.0063            80.75079            
1805                20.95601            1848320             1849343             0.1161003           516.7945            129.1986            
1866                21.66422            1910784             1911807             0.7082081           84.72086            169.4417            
1888                21.91964            1933312             1934335             0.2554207           234.9066            117.4533            
1913                22.20989            1958912             1959935             0.2902489           206.7191            103.3596            
1948                22.61624            1994752             1995775             0.4063492           147.6563            147.6563            
1969                22.86004            2016256             2017279             0.2438087           246.0945            123.0473            
2000                23.21996            2048000             2049023             0.359911            166.7079            83.35395            
2029                23.55664            2077696             2078719             0.336689            178.206             89.103              
2033                23.60308            2081792             2082815             0.04644012          1291.986            80.74914            
2052                23.82367            2101248             2102271             0.2205887           271.9995            135.9997            
2074                24.07909            2123776             2124799             0.2554188           234.9083            117.4542            
2110                24.49705            2160640             2161663             0.4179592           143.5547            143.5547            
2130                24.72925            2181120             2182143             0.2322006           258.3972            129.1986            
2172                25.21687            2224128             2225151             0.4876194           123.0468            123.0468            
2190                25.42585            2242560             2243583             0.2089787           287.1107            143.5553            
2212                25.68127            2265088             2266111             0.2554207           234.9066            117.4533            
2229                25.87864            2282496             2283519             0.1973686           303.9997            151.9998            
2245                26.0644             2298880             2299903             0.1857605           322.9966            80.74914            
2249                26.11084            2302976             2303999             0.04644012          1291.986            80.74914            
2271                26.36626            2325504             2326527             0.2554188           234.9083            117.4542            
2294                26.63329            2349056             2350079             0.2670288           224.6949            112.3474            
2340                27.16735            2396160             2397183             0.5340595           112.347             112.347             
2352                27.30667            2408448             2409471             0.1393204           430.6621            107.6655            
2376                27.58531            2433024             2434047             0.2786388           215.3325            107.6663            
2417                28.06132            2475008             2476031             0.4760094           126.0479            126.0479            
2432                28.23546            2490368             2491391             0.1741486           344.5334            86.13335            
2441                28.33995            2499584             2500607             0.1044903           574.2161            143.554             
2452                28.46766            2510848             2511871             0.1277103           469.8132            117.4533            
2514                29.18748            2574336             2575359             0.7198181           83.35439            166.7088            
2525                29.31519            2585600             2586623             0.1277103           469.8132            117.4533            
2534                29.41968            2594816             2595839             0.1044903           574.2161            143.554             
2542                29.51256            2603008             2604031             0.09287834          646.0063            80.75079            
2595                30.12789            2657280             2658303             0.6153297           97.5087             195.0174            
2615                30.36009            2677760             2678783             0.2321987           258.3994            129.1997            
2650                30.76644            2713600             2714623             0.4063492           147.6563            147.6563            
2661                30.89415            2724864             2725887             0.1277103           469.8132            117.4533            
2675                31.05669            2739200             2740223             0.1625404           369.1389            92.28473            
2692                31.25406            2756608             2757631             0.1973686           303.9997            151.9998            
2697                31.31211            2761728             2762751             0.05805016          1033.589            129.1986            
2758                32.02032            2824192             2825215             0.7082081           84.72086            169.4417            
2777                32.24091            2843648             2844671             0.2205887           271.9995            135.9997            
2791                32.40345            2857984             2859007             0.1625404           369.1389            92.28473            
2838                32.94912            2906112             2907135             0.5456696           109.9567            109.9567            
2857                33.1697             2925568             2926591             0.2205887           271.9995            135.9997            
2859                33.19292            2927616             2928639             0.02322006          2583.972            80.74914            
2878                33.41351            2947072             2948095             0.2205887           271.9995            135.9997            
2919                33.88952            2989056             2990079             0.4760094           126.0479            126.0479            
2927                33.9824             2997248             2998271             0.09288025          645.9931            80.74914            
2939                34.12172            3009536             3010559             0.1393204           430.6621            107.6655            
2985                34.65578            3056640             3057663             0.5340576           112.3474            112.3474            
2999                34.81832            3070976             3071999             0.1625404           369.1389            92.28473            
3001                34.84154            3073024             3074047             0.02322006          2583.972            80.74914            
3015                35.00408            3087360             3088383             0.1625404           369.1389            92.28473            
3020                35.06213            3092480             3093503             0.05804825          1033.623            129.2029            
3054                35.45687            3127296             3128319             0.3947411           151.9984            151.9984            
3080                35.75873            3153920             3154943             0.3018608           198.7671            99.38355            
3089                35.86322            3163136             3164159             0.1044884           574.2266            143.5566            
3099                35.97932            3173376             3174399             0.1161003           516.7945            129.1986            
3103                36.02576            3177472             3178495             0.04644012          1291.986            80.74914            
3132                36.36245            3207168             3208191             0.336689            178.206             89.103              
3161                36.69914            3236864             3237887             0.336689            178.206             89.103              
3181                36.93134            3257344             3258367             0.2322006           258.3972            129.1986            
3185                36.97778            3261440             3262463             0.04644012          1291.986            80.74914            
3215                37.32608            3292160             3293183             0.3482971           172.2667            86.13335            
3241                37.62794            3318784             3319807             0.3018608           198.7671            99.38355            
3262                37.87175            3340288             3341311             0.2438087           246.0945            123.0473            
3303                38.34776            3382272             3383295             0.4760094           126.0479            126.0479            
3324                38.59156            3403776             3404799             0.2438087           246.0945            123.0473            
3344                38.82376            3424256             3425279             0.2322006           258.3972            129.1986            
3376                39.19528            3457024             3458047             0.3715172           161.4999            80.74997            
3404                39.52036            3485696             3486719             0.3250809           184.5695            92.28473            
3424                39.75256            3506176             3507199             0.2322006           258.3972            129.1986            
3485                40.46077            3568640             3569663             0.7082062           84.72109            169.4422            
3505                40.69297            3589120             3590143             0.2322006           258.3972            129.1986            
3567                41.41279            3652608             3653631             0.7198181           83.35439            166.7088            
3588                41.6566             3674112             3675135             0.2438087           246.0945            123.0473            
3650                42.37642            3737600             3738623             0.7198219           83.35395            166.7079            
3729                43.29361            3818496             3819519             0.9171867           65.41743            130.8349            
3749                43.52581            3838976             3839999             0.2322006           258.3972            129.1986            
3811                44.24562            3902464             3903487             0.7198181           83.35439            166.7088            
3831                44.47782            3922944             3923967             0.2321968           258.4015            129.2007            
3892                45.18603            3985408             3986431             0.70821             84.72063            169.4413            
3910                45.39501            4003840             4004863             0.2089806           287.108             143.554             
3971                46.10322            4066304             4067327             0.7082062           84.72109            169.4422            
3973                46.12644            4068352             4069375             0.02322006          2583.972            80.74914            
4056                47.09007            4153344             4154367             0.9636307           62.26452            124.529             
4061                47.14812            4158464             4159487             0.05804825          1033.623            129.2029            
4073                47.28744            4170752             4171775             0.1393204           430.6621            107.6655            
4132                47.97243            4231168             4232191             0.6849899           87.59253            175.1851            
4152                48.20462            4251648             4252671             0.2321968           258.4015            129.2007            
4214                48.92445            4315136             4316159             0.7198219           83.35395            166.7079            
4221                49.00571            4322304             4323327             0.08126831          738.2952            92.2869             
4234                49.15664            4335616             4336639             0.1509285           397.5392            99.38481            
4296                49.87646            4399104             4400127             0.7198181           83.35439            166.7088            
4301                49.93451            4404224             4405247             0.05805206          1033.555            129.1944            
4318                50.13188            4421632             4422655             0.1973686           303.9997            151.9998            
4323                50.18993            4426752             4427775             0.05805206          1033.555            129.1944            
4363                50.65433            4467712             4468735             0.4643974           129.1997            129.1997            
4368                50.71238            4472832             4473855             0.05804825          1033.623            129.2029            
4375                50.79365            4480000             4481023             0.08127213          738.2605            92.28256            
4395                51.02585            4500480             4501503             0.2322006           258.3972            129.1986            
4456                51.73406            4562944             4563967             0.7082062           84.72109            169.4422            
4463                51.81533            4570112             4571135             0.08127213          738.2605            92.28256            
4477                51.97787            4584448             4585471             0.1625366           369.1476            92.2869             
4520                52.4771             4628480             4629503             0.4992294           120.1852            120.1852            
4538                52.68608            4646912             4647935             0.2089806           287.108             143.554             
4545                52.76735            4654080             4655103             0.08126831          738.2952            92.2869             
4559                52.92989            4668416             4669439             0.1625404           369.1389            92.28473            
4592                53.31301            4702208             4703231             0.3831291           156.6052            156.6052            
4619                53.62648            4729856             4730879             0.3134689           191.4065            95.70326            
4622                53.66132            4732928             4733951             0.034832            1722.554            107.6596            
4639                53.85868            4750336             4751359             0.1973686           303.9997            151.9998            
4657                54.06767            4768768             4769791             0.2089806           287.108             143.554             
4698                54.54367            4810752             4811775             0.4760094           126.0479            126.0479            
4722                54.82231            4835328             4836351             0.2786369           215.334             107.667             
4744                55.07773            4857856             4858879             0.2554207           234.9066            117.4533            
4781                55.5073             4895744             4896767             0.4295692           139.6748            139.6748            
4787                55.57696            4901888             4902911             0.06966019          861.3242            107.6655            
4802                55.75111            4917248             4918271             0.1741486           344.5334            86.13335            
4833                56.11102            4948992             4950015             0.3599091           166.7088            83.35439            
4861                56.4361             4977664             4978687             0.3250809           184.5695            92.28473            
4874                56.58703            4990976             4991999             0.1509285           397.5392            99.38481            
4884                56.70313            5001216             5002239             0.1161003           516.7945            129.1986            
4937                57.31846            5055488             5056511             0.6153297           97.5087             195.0174            
4942                57.37651            5060608             5061631             0.05804825          1033.623            129.2029            
4965                57.64354            5084160             5085183             0.2670288           224.6949            112.3474            
4999                58.03828            5118976             5119999             0.3947411           151.9984            151.9984            
5024                58.32853            5144576             5145599             0.2902489           206.7191            103.3596            
5042                58.53751            5163008             5164031             0.2089806           287.108             143.554             
5047                58.59555            5168128             5169151             0.05804825          1033.623            129.2029            
5070                58.86258            5191680             5192703             0.2670288           224.6949            112.3474            
5106                59.28054            5228544             5229567             0.4179611           143.554             143.554             
5124                59.48952            5246976             5247999             0.2089806           287.108             143.554             
5152                59.8146             5275648             5276671             0.3250771           184.5716            92.28581            
5169                60.01197            5293056             5294079             0.1973724           303.9938            151.9969            
5187                60.22095            5311488             5312511             0.2089767           287.1133            143.5566            
5207                60.45315            5331968             5332991             0.2322006           258.3972            129.1986            
5266                61.13814            5392384             5393407             0.6849899           87.59253            175.1851            
5278                61.27746            5404672             5405695             0.1393204           430.6621            107.6655            
5286                61.37034            5412864             5413887             0.09287643          646.0197            80.75246            
5290                61.41678            5416960             5417983             0.04644012          1291.986            80.74914            
5323                61.79991            5450752             5451775             0.3831291           156.6052            156.6052            
5325                61.82313            5452800             5453823             0.02322006          2583.972            80.74914            
5347                62.07855            5475328             5476351             0.2554207           234.9066            117.4533            
5431                63.05379            5561344             5562367             0.9752388           61.52339            123.0468            
5449                63.26277            5579776             5580799             0.2089806           287.108             143.554             
5511                63.98259            5643264             5644287             0.7198181           83.35439            166.7088            
5594                64.94621            5728256             5729279             0.9636269           62.26477            124.5295            
5614                65.17841            5748736             5749759             0.2322006           258.3972            129.1986            
5673                65.8634             5809152             5810175             0.6849899           87.59253            175.1851            
5755                66.81542            5893120             5894143             0.9520187           63.02397            126.0479            
5776                67.05923            5914624             5915647             0.2438049           246.0984            123.0492            
5795                67.27982            5934080             5935103             0.2205887           271.9995            135.9997            
5837                67.76744            5977088             5978111             0.4876251           123.0453            123.0453            
5916                68.68462            6057984             6059007             0.9171829           65.4177             130.8354            
5936                68.91682            6078464             6079487             0.2322006           258.3972            129.1986            
5939                68.95165            6081536             6082559             0.03482819          1722.743            107.6714            
5998                69.63664            6141952             6142975             0.6849899           87.59253            175.1851            
6079                70.57705            6224896             6225919             0.9404068           63.80218            127.6044            
6100                70.82086            6246400             6247423             0.2438126           246.0907            123.0453            
6160                71.51746            6307840             6308863             0.6966019           86.13242            172.2648            
6238                72.42304            6387712             6388735             0.9055786           66.25598            132.512             
6259                72.66685            6409216             6410239             0.2438049           246.0984            123.0492            
6320                73.37505            6471680             6472703             0.7082062           84.72109            169.4422            
6401                74.31547            6554624             6555647             0.9404144           63.80166            127.6033            
6421                74.54766            6575104             6576127             0.232193            258.4057            129.2029            
6481                75.24426            6636544             6637567             0.6966019           86.13242            172.2648            
6502                75.48808            6658048             6659071             0.2438126           246.0907            123.0453            
6563                76.19628            6720512             6721535             0.7082062           84.72109            169.4422            
6642                77.11347            6801408             6802431             0.9171906           65.41716            130.8343            
6661                77.33406            6820864             6821887             0.2205887           271.9995            135.9997            
6681                77.56626            6841344             6842367             0.2322006           258.3972            129.1986            
6688                77.64753            6848512             6849535             0.08126831          738.2952            92.2869             
6693                77.70558            6853632             6854655             0.05805206          1033.555            129.1944            
6723                78.05388            6884352             6885375             0.3482971           172.2667            86.13335            
6730                78.13515            6891520             6892543             0.08126831          738.2952            92.2869             
6744                78.29768            6905856             6906879             0.1625366           369.1476            92.2869             
6761                78.49506            6923264             6924287             0.1973724           303.9938            151.9969            
6805                79.0059             6968320             6969343             0.5108414           117.4533            117.4533            
6810                79.06394            6973440             6974463             0.05804443          1033.691            129.2113            
6861                79.65605            7025664             7026687             0.5921097           101.3326            101.3326            
6870                79.76054            7034880             7035903             0.1044922           574.2056            143.5514            
6885                79.93469            7050240             7051263             0.1741486           344.5334            86.13335            
6904                80.15528            7069696             7070719             0.2205887           271.9995            135.9997            
6949                80.67773            7115776             7116799             0.5224533           114.8428            114.8428            
6964                80.85188            7131136             7132159             0.1741486           344.5334            86.13335            
6981                81.04926            7148544             7149567             0.1973724           303.9938            151.9969            
6988                81.13052            7155712             7156735             0.08126831          738.2952            92.2869             
7045                81.79229            7214080             7215103             0.6617661           90.66648            181.333             
7049                81.83873            7218176             7219199             0.04644012          1291.986            80.74914            
7067                82.04771            7236608             7237631             0.2089767           287.1133            143.5566            
7127                82.74431            7298048             7299071             0.6966019           86.13242            172.2648            
7130                82.77914            7301120             7302143             0.03482819          1722.743            107.6714            
7149                82.99973            7320576             7321599             0.2205887           271.9995            135.9997            
7167                83.20871            7339008             7340031             0.2089844           287.1028            143.5514            
7184                83.40607            7356416             7357439             0.1973648           304.0056            152.0028            
7211                83.71954            7384064             7385087             0.3134689           191.4065            95.70326            
7229                83.92853            7402496             7403519             0.2089844           287.1028            143.5514            
7254                84.21877            7428096             7429119             0.2902451           206.7219            103.3609            
7256                84.242              7430144             7431167             0.02322388          2583.548            80.73587            
7290                84.63673            7464960             7465983             0.3947372           151.9998            151.9998            
7309                84.85732            7484416             7485439             0.2205887           271.9995            135.9997            
7338                85.19402            7514112             7515135             0.3366928           178.204             89.10199            
7371                85.57714            7547904             7548927             0.3831253           156.6067            156.6067            
7391                85.80934            7568384             7569407             0.2322006           258.3972            129.1986            
7422                86.16925            7600128             7601151             0.3599091           166.7088            83.35439            
7451                86.50594            7629824             7630847             0.3366928           178.204             89.10199            
7472                86.74975            7651328             7652351             0.2438049           246.0984            123.0492            
7505                87.13288            7685120             7686143             0.3831329           156.6036            156.6036            
7507                87.1561             7687168             7688191             0.02321625          2584.397            80.76241            
7532                87.44635            7712768             7713791             0.2902527           206.7164            103.3582            
7552                87.67855            7733248             7734271             0.2322006           258.3972            129.1986            
7594                88.16617            7776256             7777279             0.4876175           123.0473            123.0473            
7615                88.40998            7797760             7798783             0.2438126           246.0907            123.0453            
7632                88.60735            7815168             7816191             0.1973648           304.0056            152.0028            
7651                88.82793            7834624             7835647             0.2205887           271.9995            135.9997            
7662                88.95564            7845888             7846911             0.1277084           469.8202            117.455             
7693                89.31555            7877632             7878655             0.3599091           166.7088            83.35439            
7714                89.55936            7899136             7900159             0.2438126           246.0907            123.0453            
7732                89.76834            7917568             7918591             0.2089767           287.1133            143.5566            
7775                90.26757            7961600             7962623             0.4992294           120.1852            120.1852            
7792                90.46494            7979008             7980031             0.1973724           303.9938            151.9969            
7813                90.70876            8000512             8001535             0.2438126           246.0907            123.0453            
7834                90.95256            8022016             8023039             0.2438049           246.0984            123.0492            
7836                90.97578            8024064             8025087             0.02322388          2583.548            80.73587            
7853                91.17315            8041472             8042495             0.1973648           304.0056            152.0028            
7874                91.41696            8062976             8063999             0.2438126           246.0907            123.0453            
7893                91.63755            8082432             8083455             0.2205887           271.9995            135.9997            
7899                91.70721            8088576             8089599             0.069664            861.277             107.6596            
7902                91.74204            8091648             8092671             0.03482819          1722.743            107.6714            
7935                92.12517            8125440             8126463             0.3831253           156.6067            156.6067            
7956                92.36898            8146944             8147967             0.2438126           246.0907            123.0453            
8016                93.06557            8208384             8209407             0.6965942           86.13335            172.2667            
8036                93.29778            8228864             8229887             0.2322006           258.3972            129.1986            
8097                94.00599            8291328             8292351             0.7082138           84.72018            169.4404            
8104                94.08726            8298496             8299519             0.08126831          738.2952            92.2869             
8118                94.24979            8312832             8313855             0.1625366           369.1476            92.2869             
8142                94.52843            8337408             8338431             0.2786407           215.331             107.6655            
8157                94.70258            8352768             8353791             0.1741486           344.5334            86.13335            
8163                94.77225            8358912             8359935             0.069664            861.277             107.6596            
8178                94.9464             8374272             8375295             0.1741486           344.5334            86.13335            
8180                94.96961            8376320             8377343             0.02321625          2584.397            80.76241            
8197                95.16698            8393728             8394751             0.1973724           303.9938            151.9969            
8200                95.20181            8396800             8397823             0.03482819          1722.743            107.6714            
8259                95.8868             8457216             8458239             0.6849899           87.59253            175.1851            
8268                95.99129            8466432             8467455             0.1044922           574.2056            143.5514            
8280                96.13062            8478720             8479743             0.1393204           430.6621            107.6655            
8298                96.33959            8497152             8498175             0.2089767           287.1133            143.5566            
8310                96.47891            8509440             8510463             0.1393204           430.6621            107.6655            
8339                96.8156             8539136             8540159             0.3366852           178.208             89.10401            
8341                96.83882            8541184             8542207             0.02322388          2583.548            80.73587            
8348                96.92009            8548352             8549375             0.08126831          738.2952            92.2869             
8359                97.0478             8559616             8560639             0.1277084           469.8202            117.455             
8386                97.36127            8587264             8588287             0.3134689           191.4065            95.70326            
8421                97.76762            8623104             8624127             0.4063492           147.6563            147.6563            
8431                97.88372            8633344             8634367             0.1161041           516.7775            129.1944            
8441                97.99982            8643584             8644607             0.1160965           516.8115            129.2029            
8476                98.40617            8679424             8680447             0.4063492           147.6563            147.6563            
8503                98.71964            8707072             8708095             0.3134689           191.4065            95.70326            
8519                98.9054             8723456             8724479             0.1857605           322.9966            80.74914            
8523                98.95184            8727552             8728575             0.04644012          1291.986            80.74914            
8542                99.17242            8747008             8748031             0.2205887           271.9995            135.9997            
8559                99.3698             8764416             8765439             0.1973724           303.9938            151.9969            
8582                99.63683            8787968             8788991             0.2670288           224.6949            112.3474            
8604                99.89224            8810496             8811519             0.2554169           234.9101            117.455             
8665                100.6005            8872960             8873983             0.7082138           84.72018            169.4404            
8684                100.821             8892416             8893439             0.2205887           271.9995            135.9997            
8686                100.8443            8894464             8895487             0.02321625          2584.397            80.76241            
8747                101.5525            8956928             8957951             0.7082138           84.72018            169.4404            
8767                101.7847            8977408             8978431             0.232193            258.4057            129.2029            
8827                102.4813            9038848             9039871             0.6966019           86.13242            172.2648            
8906                103.3985            9119744             9120767             0.9171906           65.41716            130.8343            
8927                103.6423            9141248             9142271             0.2438049           246.0984            123.0492            
8987                104.3389            9202688             9203711             0.6966019           86.13242            172.2648            
8989                104.3621            9204736             9205759             0.02321625          2584.397            80.76241            
9007                104.5711            9223168             9224191             0.2089844           287.1028            143.5514            
9069                105.2909            9286656             9287679             0.7198181           83.35439            166.7088            
9090                105.5347            9308160             9309183             0.2438049           246.0984            123.0492            
9148                106.2081            9367552             9368575             0.673378            89.103              178.206             
9231                107.1717            9452544             9453567             0.9636307           62.26452            124.529             
9251                107.4039            9473024             9474047             0.2322006           258.3972            129.1986            
9278                107.7174            9500672             9501695             0.3134689           191.4065            95.70326            
9311                108.1005            9534464             9535487             0.3831329           156.6036            156.6036            
9313                108.1237            9536512             9537535             0.02321625          2584.397            80.76241            
9333                108.3559            9556992             9558015             0.2322006           258.3972            129.1986            
9374                108.8319            9598976             9599999             0.4760056           126.049             126.049             
9392                109.0409            9617408             9618431             0.2089844           287.1028            143.5514            
9413                109.2847            9638912             9639935             0.2438049           246.0984            123.0492            
9440                109.5982            9666560             9667583             0.3134689           191.4065            95.70326            
9444                109.6446            9670656             9671679             0.04644012          1291.986            80.74914            
9455                109.7723            9681920             9682943             0.1277161           469.7921            117.448             
9476                110.0161            9703424             9704447             0.2438049           246.0984            123.0492            
9485                110.1206            9712640             9713663             0.1044922           574.2056            143.5514            
9490                110.1787            9717760             9718783             0.05805206          1033.555            129.1944            
9496                110.2483            9723904             9724927             0.06965637          861.3713            107.6714            
9523                110.5618            9751552             9752575             0.3134689           191.4065            95.70326            
9533                110.6779            9761792             9762815             0.1161041           516.7775            129.1944            
9538                110.736             9766912             9767935             0.05804443          1033.691            129.2113            
9553                110.9101            9782272             9783295             0.1741486           344.5334            86.13335            
9556                110.9449            9785344             9786367             0.03483582          1722.365            107.6478            
9575                111.1655            9804800             9805823             0.2205887           271.9995            135.9997            
9601                111.4674            9831424             9832447             0.301857            198.7696            99.38481            
9635                111.8621            9866240             9867263             0.3947372           151.9998            151.9998            
9657                112.1176            9888768             9889791             0.2554245           234.9031            117.4515            
9679                112.373             9911296             9912319             0.2554169           234.9101            117.455             
9688                112.4775            9920512             9921535             0.1044922           574.2056            143.5514            
9717                112.8141            9950208             9951231             0.3366852           178.208             89.10401            
9738                113.058             9971712             9972735             0.2438126           246.0907            123.0453            
9771                113.4411            10005504            10006527            0.3831253           156.6067            156.6067            
9798                113.7546            10033152            10034175            0.3134689           191.4065            95.70326            
9818                113.9868            10053632            10054655            0.2322006           258.3972            129.1986            
9853                114.3931            10089472            10090495            0.4063492           147.6563            147.6563            
9877                114.6717            10114048            10115071            0.2786407           215.331             107.6655            
9887                114.7878            10124288            10125311            0.1161041           516.7775            129.1944            
9899                114.9272            10136576            10137599            0.1393127           430.6856            107.6714            
9919                115.1594            10157056            10158079            0.2322006           258.3972            129.1986            
9959                115.6238            10198016            10199039            0.4644012           129.1986            129.1986            
9982                115.8908            10221568            10222591            0.2670288           224.6949            112.3474            
10004               116.1462            10244096            10245119            0.2554169           234.9101            117.455             
10024               116.3784            10264576            10265599            0.2322006           258.3972            129.1986            
10040               116.5642            10280960            10281983            0.1857605           322.9966            80.74914            
10048               116.6571            10289152            10290175            0.09288025          645.9931            80.74914            
10062               116.8196            10303488            10304511            0.1625443           369.1302            92.28256            
10101               117.2724            10343424            10344447            0.4527893           132.512             132.512             
10120               117.493             10362880            10363903            0.2205887           271.9995            135.9997            
10122               117.5162            10364928            10365951            0.02321625          2584.397            80.76241            
10142               117.7484            10385408            10386431            0.2322006           258.3972            129.1986            
10172               118.0967            10416128            10417151            0.3482971           172.2667            86.13335            
10202               118.445             10446848            10447871            0.3483047           172.2629            86.13147            
10223               118.6888            10468352            10469375            0.2438049           246.0984            123.0492            
10229               118.7585            10474496            10475519            0.069664            861.277             107.6596            
10283               119.3854            10529792            10530815            0.6269379           95.70326            191.4065            
10303               119.6176            10550272            10551295            0.2322006           258.3972            129.1986            
10322               119.8382            10569728            10570751            0.2205887           271.9995            135.9997            
10364               120.3258            10612736            10613759            0.4876175           123.0473            123.0473            
10379               120.5               10628096            10629119            0.1741486           344.5334            86.13335            
10384               120.558             10633216            10634239            0.05805206          1033.555            129.1944            
10426               121.0456            10676224            10677247            0.4876175           123.0473            123.0473            
10433               121.1269            10683392            10684415            0.08126831          738.2952            92.2869             
10445               121.2662            10695680            10696703            0.1393204           430.6621            107.6655            
10466               121.51              10717184            10718207            0.2438126           246.0907            123.0453            
10484               121.719             10735616            10736639            0.2089767           287.1133            143.5566            
10526               122.2066            10778624            10779647            0.4876175           123.0473            123.0473            
10556               122.5549            10809344            10810367            0.3483047           172.2629            86.13147            
10564               122.6478            10817536            10818559            0.09288025          645.9931            80.74914            
10607               123.147             10861568            10862591            0.4992218           120.1871            120.1871            
10627               123.3792            10882048            10883071            0.2322006           258.3972            129.1986            
10686               124.0642            10942464            10943487            0.6849899           87.59253            175.1851            
10769               125.0278            11027456            11028479            0.9636307           62.26452            124.529             
10790               125.2717            11048960            11049983            0.2438049           246.0984            123.0492            
10851               125.9799            11111424            11112447            0.7082138           84.72018            169.4404            
10933               126.9319            11195392            11196415            0.9520187           63.02397            126.0479            
10953               127.1641            11215872            11216895            0.2322006           258.3972            129.1986            
11015               127.8839            11279360            11280383            0.7198181           83.35439            166.7088            
11095               128.8127            11361280            11362303            0.9287949           64.59984            129.1997            
11115               129.0449            11381760            11382783            0.232193            258.4057            129.2029            
11177               129.7647            11445248            11446271            0.7198181           83.35439            166.7088            
11258               130.7051            11528192            11529215            0.9404144           63.80166            127.6033            
11278               130.9373            11548672            11549695            0.232193            258.4057            129.2029            
11337               131.6223            11609088            11610111            0.6849976           87.59155            175.1831            
11417               132.5511            11691008            11692031            0.9288025           64.59931            129.1986            
11439               132.8065            11713536            11714559            0.2554169           234.9101            117.455             
11500               133.5147            11776000            11777023            0.7082062           84.72109            169.4422            
11581               134.4552            11858944            11859967            0.9404144           63.80166            127.6033            
11600               134.6757            11878400            11879423            0.2205811           272.0089            136.0044            
11639               135.1285            11918336            11919359            0.4527893           132.512             132.512             
11660               135.3723            11939840            11940863            0.2438049           246.0984            123.0492            
11682               135.6278            11962368            11963391            0.2554321           234.8961            117.448             
11740               136.3011            12021760            12022783            0.6733704           89.10401            178.208             
11818               137.2067            12101632            12102655            0.9055786           66.25598            132.512             
11902               138.1819            12187648            12188671            0.975235            61.52363            123.0473            
11923               138.4258            12209152            12210175            0.2438202           246.083             123.0415            
11984               139.134             12271616            12272639            0.7082062           84.72109            169.4422            
12065               140.0744            12354560            12355583            0.9403992           63.80269            127.6054            
12084               140.295             12374016            12375039            0.2205963           271.9901            135.995             
12146               141.0148            12437504            12438527            0.7198181           83.35439            166.7088            
12227               141.9552            12520448            12521471            0.9404144           63.80166            127.6033            
12248               142.199             12541952            12542975            0.2438049           246.0984            123.0492            
12309               142.9072            12604416            12605439            0.7082062           84.72109            169.4422            
12390               143.8476            12687360            12688383            0.9404144           63.80166            127.6033            
12411               144.0914            12708864            12709887            0.2438049           246.0984            123.0492            
12469               144.7648            12768256            12769279            0.6733704           89.10401            178.208             
12550               145.7052            12851200            12852223            0.9404144           63.80166            127.6033            
12570               145.9374            12871680            12872703            0.232193            258.4057            129.2029            
12631               146.6456            12934144            12935167            0.7082214           84.71927            169.4385            
12711               147.5744            13016064            13017087            0.9287872           64.60037            129.2007            
12730               147.795             13035520            13036543            0.2205963           271.9901            135.995             
12792               148.5148            13099008            13100031            0.7198181           83.35439            166.7088            
12873               149.4552            13181952            13182975            0.9403992           63.80269            127.6054            
12894               149.6991            13203456            13204479            0.2438202           246.083             123.0415            
12955               150.4073            13265920            13266943            0.7082062           84.72109            169.4422            
12975               150.6395            13286400            13287423            0.232193            258.4057            129.2029            
13035               151.3361            13347840            13348863            0.6966095           86.13147            172.2629            
13118               152.2997            13432832            13433855            0.963623            62.26501            124.53              
13134               152.4854            13449216            13450239            0.1857605           322.9966            80.74914            
13136               152.5087            13451264            13452287            0.02322388          2583.548            80.73587            
13196               153.2053            13512704            13513727            0.6965942           86.13335            172.2667            
13204               153.2981            13520896            13521919            0.09288025          645.9931            80.74914            
13218               153.4607            13535232            13536255            0.1625366           369.1476            92.2869             
13276               154.1341            13594624            13595647            0.6733856           89.10199            178.204             
13299               154.4011            13618176            13619199            0.2670288           224.6949            112.3474            
13311               154.5404            13630464            13631487            0.1393127           430.6856            107.6714            
13356               155.0629            13676544            13677567            0.5224457           114.8445            114.8445            
13377               155.3067            13698048            13699071            0.2438202           246.083             123.0415            
13407               155.655             13728768            13729791            0.3482971           172.2667            86.13335            
13413               155.7246            13734912            13735935            0.06965637          861.3713            107.6714            
13415               155.7478            13736960            13737983            0.02322388          2583.548            80.73587            
13439               156.0265            13761536            13762559            0.2786407           215.331             107.6655            
13458               156.2471            13780992            13782015            0.2205811           272.0089            136.0044            
13460               156.2703            13783040            13784063            0.02322388          2583.548            80.73587            
13519               156.9553            13843456            13844479            0.6849823           87.59351            175.187             
13532               157.1062            13856768            13857791            0.1509399           397.5091            99.37727            
13540               157.1991            13864960            13865983            0.09288025          645.9931            80.74914            
13549               157.3036            13874176            13875199            0.1044922           574.2056            143.5514            
13580               157.6635            13905920            13906943            0.3599091           166.7088            83.35439            
13601               157.9073            13927424            13928447            0.2438049           246.0984            123.0492            
13622               158.1511            13948928            13949951            0.2438049           246.0984            123.0492            
13625               158.1859            13952000            13953023            0.03483582          1722.365            107.6478            
13627               158.2092            13954048            13955071            0.02322388          2583.548            80.73587            
13640               158.3601            13967360            13968383            0.1509247           397.5493            99.38732            
13680               158.8245            14008320            14009343            0.4644012           129.1986            129.1986            
13702               159.0799            14030848            14031871            0.2554169           234.9101            117.455             
13762               159.7765            14092288            14093311            0.6965942           86.13335            172.2667            
13766               159.823             14096384            14097407            0.04644775          1291.774            80.73587            
13784               160.0319            14114816            14115839            0.2089691           287.1238            143.5619            
13845               160.7401            14177280            14178303            0.7082214           84.71927            169.4385            
13862               160.9375            14194688            14195711            0.1973572           304.0173            152.0087            
13924               161.6573            14258176            14259199            0.7198181           83.35439            166.7088            
13946               161.9128            14280704            14281727            0.2554321           234.8961            117.448             
14006               162.6093            14342144            14343167            0.6965942           86.13335            172.2667            
14026               162.8415            14362624            14363647            0.232193            258.4057            129.2029            
14089               163.573             14427136            14428159            0.7314301           82.03108            164.0622            
14109               163.8052            14447616            14448639            0.2322083           258.3888            129.1944            
14167               164.4785            14507008            14508031            0.6733704           89.10401            178.208             
14170               164.5134            14510080            14511103            0.03483582          1722.365            107.6478            
14190               164.7456            14530560            14531583            0.232193            258.4057            129.2029            
14250               165.4422            14592000            14593023            0.6966095           86.13147            172.2629            
14269               165.6628            14611456            14612479            0.2205811           272.0089            136.0044            
14309               166.1272            14652416            14653439            0.4644012           129.1986            129.1986            
14328               166.3477            14671872            14672895            0.2205811           272.0089            136.0044            
14410               167.2998            14755840            14756863            0.9520264           63.02346            126.0469            
14492               168.2518            14839808            14840831            0.9520111           63.02448            126.049             
14513               168.4956            14861312            14862335            0.2438202           246.083             123.0415            
14573               169.1922            14922752            14923775            0.6965942           86.13335            172.2667            
14656               170.1558            15007744            15008767            0.963623            62.26501            124.53              
14675               170.3764            15027200            15028223            0.2205963           271.9901            135.995             
14736               171.0846            15089664            15090687            0.7082062           84.72109            169.4422            
14816               172.0134            15171584            15172607            0.9288025           64.59931            129.1986            
14838               172.2688            15194112            15195135            0.2554169           234.9101            117.455             
14899               172.9771            15256576            15257599            0.7082062           84.72109            169.4422            
14980               173.9175            15339520            15340543            0.9404144           63.80166            127.6033            
15001               174.1613            15361024            15362047            0.2438049           246.0984            123.0492            
15060               174.8463            15421440            15422463            0.6849823           87.59351            175.187             
15142               175.7983            15505408            15506431            0.9520264           63.02346            126.0469            
15163               176.0421            15526912            15527935            0.2438049           246.0984            123.0492            
15221               176.7155            15586304            15587327            0.6733856           89.10199            178.204             
15223               176.7387            15588352            15589375            0.02320862          2585.247            80.78896            
15304               177.6791            15671296            15672319            0.9404144           63.80166            127.6033            
15323               177.8997            15690752            15691775            0.2205963           271.9901            135.995             
15383               178.5963            15752192            15753215            0.6965942           86.13335            172.2667            
15463               179.5251            15834112            15835135            0.9288025           64.59931            129.1986            
15483               179.7573            15854592            15855615            0.232193            258.4057            129.2029            
15524               180.2333            15896576            15897599            0.4760132           126.0469            126.0469            
15704               182.3231            16080896            16081919            2.089798            28.71091            114.8436            
15789               183.3099            16167936            16168959            0.9868469           60.7997             121.5994            
15807               183.5189            16186368            16187391            0.2089691           287.1238            143.5619            
15868               184.2271            16248832            16249855            0.7082214           84.71927            169.4385            
15949               185.1675            16331776            16332799            0.9403992           63.80269            127.6054            
15970               185.4113            16353280            16354303            0.2438049           246.0984            123.0492            
16030               186.1079            16414720            16415743            0.6966095           86.13147            172.2629            
16108               187.0135            16494592            16495615            0.9055786           66.25598            132.512             
16131               187.2805            16518144            16519167            0.2670288           224.6949            112.3474            
16191               187.9771            16579584            16580607            0.6965942           86.13335            172.2667            
16271               188.9059            16661504            16662527            0.9288025           64.59931            129.1986            
16294               189.173             16685056            16686079            0.2670288           224.6949            112.3474            
16352               189.8463            16744448            16745471            0.6733704           89.10401            178.208             
16433               190.7868            16827392            16828415            0.9404144           63.80166            127.6033            
16435               190.81              16829440            16830463            0.02322388          2583.548            80.73587            
16455               191.0422            16849920            16850943            0.232193            258.4057            129.2029            
16516               191.7504            16912384            16913407            0.7082062           84.72109            169.4422            
16597               192.6908            16995328            16996351            0.9404144           63.80166            127.6033            
16618               192.9346            17016832            17017855            0.2438049           246.0984            123.0492            
16678               193.6312            17078272            17079295            0.6965942           86.13335            172.2667            
16758               194.56              17160192            17161215            0.9288025           64.59931            129.1986            
16780               194.8154            17182720            17183743            0.2554169           234.9101            117.455             
16840               195.512             17244160            17245183            0.6966095           86.13147            172.2629            
16842               195.5352            17246208            17247231            0.02320862          2585.247            80.78896            
16860               195.7442            17264640            17265663            0.2089844           287.1028            143.5514            
16919               196.4292            17325056            17326079            0.6849823           87.59351            175.187             
16997               197.3348            17404928            17405951            0.9055786           66.25598            132.512             
17084               198.3448            17494016            17495039            1.010071            59.40178            118.8036            
17104               198.5771            17514496            17515519            0.2322083           258.3888            129.1944            
17164               199.2737            17575936            17576959            0.6965942           86.13335            172.2667            
17243               200.1908            17656832            17657855            0.9171906           65.41716            130.8343            
17245               200.2141            17658880            17659903            0.02322388          2583.548            80.73587            
17264               200.4346            17678336            17679359            0.2205811           272.0089            136.0044            
17323               201.1196            17738752            17739775            0.6849976           87.59155            175.1831            
17405               202.0717            17822720            17823743            0.9520111           63.02448            126.049             
17426               202.3155            17844224            17845247            0.2438049           246.0984            123.0492            
17486               203.0121            17905664            17906687            0.6966095           86.13147            172.2629            
17567               203.9525            17988608            17989631            0.9403992           63.80269            127.6054            
17589               204.2079            18011136            18012159            0.2554169           234.9101            117.455             
17650               204.9161            18073600            18074623            0.7082214           84.71927            169.4385            
17732               205.8681            18157568            18158591            0.9520111           63.02448            126.049             
17750               206.0771            18176000            18177023            0.2089844           287.1028            143.5514            
17811               206.7853            18238464            18239487            0.7082062           84.72109            169.4422            
17892               207.7257            18321408            18322431            0.9403992           63.80269            127.6054            
17912               207.9579            18341888            18342911            0.2322083           258.3888            129.1944            
17972               208.6545            18403328            18404351            0.6965942           86.13335            172.2667            
18051               209.5717            18484224            18485247            0.9171906           65.41716            130.8343            
18053               209.5949            18486272            18487295            0.02322388          2583.548            80.73587            
18073               209.8271            18506752            18507775            0.232193            258.4057            129.2029            
18133               210.5237            18568192            18569215            0.6965942           86.13335            172.2667            
18153               210.7559            18588672            18589695            0.2322083           258.3888            129.1944            
18212               211.4409            18649088            18650111            0.6849823           87.59351            175.187             
18293               212.3813            18732032            18733055            0.9404144           63.80166            127.6033            
18312               212.6019            18751488            18752511            0.2205811           272.0089            136.0044            
18372               213.2985            18812928            18813951            0.6966095           86.13147            172.2629            
18394               213.5539            18835456            18836479            0.2554169           234.9101            117.455             
18454               214.2505            18896896            18897919            0.6965942           86.13335            172.2667            
18475               214.4943            18918400            18919423            0.2438049           246.0984            123.0492            
18537               215.2142            18981888            18982911            0.7198334           83.35262            166.7052            
18558               215.458             19003392            19004415            0.2438049           246.0984            123.0492            
18618               216.1546            19064832            19065855            0.6965942           86.13335            172.2667            
18636               216.3635            19083264            19084287            0.2089844           287.1028            143.5514            
18698               217.0834            19146752            19147775            0.7198181           83.35439            166.7088            
18718               217.3156            19167232            19168255            0.232193            258.4057            129.2029            
18780               218.0354            19230720            19231743            0.7198181           83.35439            166.7088            
18799               218.256             19250176            19251199            0.2205963           271.9901            135.995             
18860               218.9642            19312640            19313663            0.7082062           84.72109            169.4422            
18881               219.208             19334144            19335167            0.2438049           246.0984            123.0492            
18940               219.893             19394560            19395583            0.6849976           87.59155            175.1831            
18942               219.9162            19396608            19397631            0.02320862          2585.247            80.78896            
18961               220.1368            19416064            19417087            0.2205963           271.9901            135.995             
19020               220.8218            19476480            19477503            0.6849823           87.59351            175.187             
19040               221.054             19496960            19497983            0.2322083           258.3888            129.1944            
19099               221.739             19557376            19558399            0.6849823           87.59351            175.187             
19160               222.4472            19619840            19620863            0.7082062           84.72109            169.4422            
19181               222.691             19641344            19642367            0.2438202           246.083             123.0415            
19202               222.9348            19662848            19663871            0.2438049           246.0984            123.0492            
19262               223.6314            19724288            19725311            0.6965942           86.13335            172.2667            
19309               224.177             19772416            19773439            0.5456696           109.9567            109.9567            
19373               224.9201            19837952            19838975            0.743042            80.74914            161.4983            
